1 3 186 121.210160 31.153818
1 3 186 121.210145 31.153816
1 3 186 121.210129 31.153814
1 3 186 121.210113 31.153813
1 3 187 121.210052 31.153797
1 3 187 121.210036 31.153795
1 3 187 121.210021 31.153793
1 3 187 121.210005 31.153791
1 3 187 121.209989 31.153789
1 3 187 121.209974 31.153787
1 3 187 121.209958 31.153785
1 3 187 121.209943 31.153783
1 3 187 121.209927 31.153782
1 3 187 121.209911 31.153780
1 3 187 121.209896 31.153778
1 3 187 121.209880 31.153776
1 3 187 121.209865 31.153774
1 3 187 121.209849 31.153772
1 3 187 121.209833 31.153770
1 7 188 121.209791 31.153770
1 9 188 121.209744 31.153764
1 10 188 121.209690 31.153756
1 12 188 121.209628 31.153747
1 13 188 121.209558 31.153737
1 15 188 121.209480 31.153726
1 16 188 121.209395 31.153714
1 18 188 121.209302 31.153701
1 19 188 121.209201 31.153686
1 20 188 121.209097 31.153672
1 20 188 121.208994 31.153657
1 20 188 121.208890 31.153642
1 20 188 121.208786 31.153627
1 20 188 121.208683 31.153613
1 20 188 121.208579 31.153598
1 20 188 121.208476 31.153583
1 20 188 121.208372 31.153569
1 20 188 121.208269 31.153554
1 20 188 121.208165 31.153539
1 20 187 121.208061 31.153525
1 20 187 121.207958 31.153510
1 20 187 121.207854 31.153496
1 20 187 121.207751 31.153481
1 20 187 121.207647 31.153467
1 20 187 121.207543 31.153453
1 20 187 121.207440 31.153438
1 20 187 121.207336 31.153424
1 20 187 121.207232 31.153409
1 20 187 121.207129 31.153395
1 20 187 121.207025 31.153380
1 20 187 121.206922 31.153366
1 20 187 121.206818 31.153352
1 20 187 121.206714 31.153337
1 20 187 121.206611 31.153323
1 20 187 121.206507 31.153308
1 20 187 121.206404 31.153294
1 20 187 121.206300 31.153279
1 20 187 121.206196 31.153265
1 20 187 121.206093 31.153251
1 20 187 121.205989 31.153236
1 20 187 121.205886 31.153222
1 20 187 121.205782 31.153207
1 20 187 121.205678 31.153193
1 20 187 121.205575 31.153179
1 20 187 121.205471 31.153164
1 20 187 121.205368 31.153150
1 20 187 121.205264 31.153136
1 20 187 121.205160 31.153123
1 20 187 121.205056 31.153109
1 20 188 121.204953 31.153094
1 20 188 121.204849 31.153079
1 20 188 121.204746 31.153064
1 20 188 121.204643 31.153049
1 20 188 121.204539 31.153033
1 20 188 121.204436 31.153018
1 20 188 121.204332 31.153003
1 20 188 121.204229 31.152988
1 20 188 121.204125 31.152973
1 20 188 121.204022 31.152957
1 20 188 121.203918 31.152942
1 20 188 121.203815 31.152927
1 20 188 121.203711 31.152912
1 20 188 121.203608 31.152896
1 20 188 121.203505 31.152880
1 20 188 121.203401 31.152864
1 20 188 121.203298 31.152849
1 20 188 121.203195 31.152833
1 20 188 121.203092 31.152817
1 20 188 121.202988 31.152801
1 20 188 121.202885 31.152785
1 20 188 121.202782 31.152769
1 20 188 121.202678 31.152753
1 3 188 121.202663 31.152751
1 3 188 121.202647 31.152748
1 3 188 121.202632 31.152746
1 3 186 121.202616 31.152744
1 3 186 121.202600 31.152742
1 3 186 121.202585 31.152740
1 3 186 121.202569 31.152738
1 3 186 121.202553 31.152736
1 3 186 121.202538 31.152734
7 0 279 121.508681 31.009397
7 1 279 121.508682 31.009393
7 1 279 121.508683 31.009386
7 2 279 121.508684 31.009377
7 2 279 121.508686 31.009366
7 3 279 121.508688 31.009353
7 3 279 121.508690 31.009337
7 4 279 121.508693 31.009319
7 4 279 121.508696 31.009299
7 5 279 121.508700 31.009277
7 5 279 121.508704 31.009253
7 6 279 121.508708 31.009226
7 6 279 121.508713 31.009197
7 3 279 121.508715 31.009184
7 3 279 121.508717 31.009170
7 3 279 121.508719 31.009157
7 3 279 121.508721 31.009144
7 3 279 121.508723 31.009130
7 3 279 121.508725 31.009117
7 3 279 121.508728 31.009104
7 3 279 121.508730 31.009090
7 3 279 121.508732 31.009077
7 3 279 121.508734 31.009064
7 3 279 121.508736 31.009050
7 3 279 121.508738 31.009037
7 3 279 121.508740 31.009023
7 3 279 121.508742 31.009010
7 3 279 121.508745 31.008997
7 3 279 121.508747 31.008983
7 3 279 121.508749 31.008970
7 3 279 121.508751 31.008957
7 3 279 121.508753 31.008943
7 3 279 121.508755 31.008930
7 3 278 121.508765 31.008902
7 3 278 121.508767 31.008888
7 3 278 121.508769 31.008875
7 3 278 121.508771 31.008861
7 3 278 121.508773 31.008848
7 3 278 121.508775 31.008835
7 3 278 121.508777 31.008821
7 3 278 121.508779 31.008808
7 3 278 121.508781 31.008795
7 3 278 121.508783 31.008781
7 3 278 121.508785 31.008768
7 3 278 121.508787 31.008754
7 3 278 121.508789 31.008741
7 3 278 121.508791 31.008728
7 3 278 121.508793 31.008714
7 3 278 121.508795 31.008701
7 3 278 121.508797 31.008688
7 3 278 121.508799 31.008674
7 3 278 121.508801 31.008661
7 6 278 121.508798 31.008654
7 7 278 121.508803 31.008623
7 7 278 121.508808 31.008589
7 8 278 121.508814 31.008554
7 8 278 121.508820 31.008516
7 9 278 121.508826 31.008476
7 9 278 121.508833 31.008433
7 10 278 121.508840 31.008389
7 10 278 121.508847 31.008342
7 11 278 121.508854 31.008293
7 11 278 121.508862 31.008242
7 12 318 121.508885 31.008203
7 12 358 121.508938 31.008195
7 13 358 121.509006 31.008193
7 13 358 121.509077 31.008190
7 14 358 121.509150 31.008188
7 14 358 121.509226 31.008186
7 15 358 121.509305 31.008184
7 15 358 121.509386 31.008181
7 3 358 121.509402 31.008181
7 3 358 121.509417 31.008180
7 3 358 121.509433 31.008180
7 3 358 121.509449 31.008179
7 3 358 121.509464 31.008179
7 3 358 121.509480 31.008178
7 3 358 121.509496 31.008178
7 3 358 121.509512 31.008177
7 3 358 121.509527 31.008177
7 3 358 121.509543 31.008176
7 3 358 121.509559 31.008176
7 3 358 121.509574 31.008176
7 3 358 121.509590 31.008175
7 3 358 121.509606 31.008175
7 3 358 121.509622 31.008174
7 3 358 121.509637 31.008174
7 3 358 121.509653 31.008173
7 3 358 121.509669 31.008173
7 3 358 121.509684 31.008172
7 3 311 121.509774 31.008146
7 3 311 121.509784 31.008135
7 3 311 121.509793 31.008124
7 3 311 121.509803 31.008114
7 3 311 121.509812 31.008103
7 3 311 121.509822 31.008092
7 3 311 121.509831 31.008082
7 3 311 121.509841 31.008071
7 3 311 121.509851 31.008060
7 3 311 121.509860 31.008050
10 0 10 121.269938 31.110803
10 1 10 121.269943 31.110804
10 1 10 121.269951 31.110805
10 2 10 121.269961 31.110807
10 2 10 121.269974 31.110810
10 3 10 121.269989 31.110813
10 3 10 121.270007 31.110816
10 4 10 121.270028 31.110820
10 4 10 121.270051 31.110824
10 5 10 121.270076 31.110829
10 5 10 121.270104 31.110835
10 6 10 121.270135 31.110841
10 6 10 121.270168 31.110847
10 7 10 121.270204 31.110854
10 7 10 121.270243 31.110861
10 8 10 121.270284 31.110869
10 8 10 121.270327 31.110877
10 9 10 121.270373 31.110886
10 9 10 121.270422 31.110896
10 10 10 121.270473 31.110905
10 10 10 121.270527 31.110916
10 11 10 121.270583 31.110926
10 11 10 121.270642 31.110938
10 12 10 121.270703 31.110949
10 12 10 121.270767 31.110962
10 13 10 121.270834 31.110974
10 13 11 121.270903 31.110988
10 14 11 121.270974 31.111002
10 14 11 121.271048 31.111017
10 15 11 121.271125 31.111033
10 15 11 121.271204 31.111048
10 16 11 121.271286 31.111065
10 16 11 121.271370 31.111082
10 17 11 121.271457 31.111099
10 17 13 121.271545 31.111118
10 18 13 121.271637 31.111140
10 18 13 121.271730 31.111161
10 19 13 121.271826 31.111184
10 19 13 121.271925 31.111207
10 20 15 121.272025 31.111234
10 20 15 121.272124 31.111262
10 20 15 121.272224 31.111290
10 20 16 121.272323 31.111318
10 20 16 121.272422 31.111348
10 20 16 121.272521 31.111378
10 20 16 121.272620 31.111408
10 20 16 121.272720 31.111437
10 20 16 121.272819 31.111465
10 20 16 121.272919 31.111494
10 20 16 121.273018 31.111522
10 20 16 121.273118 31.111551
10 20 16 121.273217 31.111580
10 20 16 121.273317 31.111608
10 20 16 121.273416 31.111637
10 20 16 121.273515 31.111666
10 20 16 121.273614 31.111696
10 20 16 121.273713 31.111725
10 20 16 121.273812 31.111755
10 20 16 121.273911 31.111785
10 3 16 121.273926 31.111790
10 3 16 121.273941 31.111794
10 3 16 121.273956 31.111799
10 3 16 121.273970 31.111803
10 3 16 121.273985 31.111808
10 3 16 121.274000 31.111812
10 3 16 121.274015 31.111817
10 3 16 121.274030 31.111821
10 3 16 121.274045 31.111826
10 3 16 121.274059 31.111830
10 3 16 121.274074 31.111835
10 3 16 121.274089 31.111839
10 3 16 121.274104 31.111844
10 3 16 121.274119 31.111848
10 3 16 121.274134 31.111853
10 3 16 121.274149 31.111857
10 3 16 121.274163 31.111862
10 3 16 121.274178 31.111866
10 3 16 121.274193 31.111871
10 3 15 121.274248 31.111894
10 3 15 121.274263 31.111899
10 3 15 121.274278 31.111903
10 3 15 121.274293 31.111907
10 3 15 121.274307 31.111911
10 3 15 121.274322 31.111915
10 3 15 121.274337 31.111919
10 3 15 121.274352 31.111923
10 3 15 121.274367 31.111928
10 3 15 121.274382 31.111932
10 3 15 121.274397 31.111936
10 3 15 121.274412 31.111940
10 3 15 121.274427 31.111944
10 3 15 121.274442 31.111948
10 3 15 121.274457 31.111953
10 3 15 121.274472 31.111957
10 7 15 121.274541 31.111971
10 7 15 121.274579 31.111981
10 8 15 121.274619 31.111992
10 8 15 121.274661 31.112004
10 3 15 121.274676 31.112008
10 3 15 121.274691 31.112012
